mq_avg=6.206038e-02
mx_avg=9.749677e-03
mt_avg=3.983908e+01
